"Payment Metadata","Payment Metadata"
"Transaction Date","Transaction Date"
"Transaction ID","Transaction ID"
Details,Details
